alpha: -0.34066502750499517 Error: 0.0043313686486987635 
beta: 0.06714579108424878 Error: 0.0012945583663137583 
b0: 17.850817530566253 Error: 0.006597455284126756 
v0: 19.24077814811121 Error: 0.0020902881766575025 
