alpha: 0.2971828741656033 
beta: -0.04132878208607238 
b0: 21.230701751103126 
v0: 22.649087271367552 
